$ANSIBLE_VAULT;1.1;AES256
64396435326139353135663262323835353662343666366131363531343165653561373934336337
3933336266656636303237343130656333323665343632610a323039623038393132646164646666
66303536636436656461303838353131313033363936323036366162376534343530643830373431
6132333733666537340a316362316335323932333362383738613638653339613439643931646137
66393835623833663239373265666531663962343863303030386339623361393063393961653464
38303638663734346165383065363865393936373365386633303963313533366534646165383634
39336430356432343665313636643633363366333762643866663735363939616361633932643461
63383239323262316230623239663836643165656165623738666438646465646365363065393334
64303339663738316364643361353161323630656432346633313931616562366264313434623930
37353735326132626239646432666133623133323963353733323664383335633765386133613736
36393064663435613361646639656531633366393132386131613830373461376161363162636232
65323134623066346462366237353364383334653832343966663663306263376531623137636362
65636563653464373937363537666236373336333332326464383535313066366565363766396238
33383338633164663163633432323532323037316635313434303364353034623034373639373835
31393935653132396265626535636235353536363235353063353163663863333264653331383437
31376266616334666238356438366536373961336264653366353164366239393663363735356266
36343064663966666232303766356530633564336632373434396633346466653864643239623634
61633539363364343863393566316661616630393137666166643838356463613766396265643139
66663466636366623062653865653538303934396433333363333936386564363461383630346134
37613161396561313034
