$ANSIBLE_VAULT;1.1;AES256
37363534636231626234386338303035323934343631396466356464613564303636343739646265
3966313763656133663637623738306464646266363839660a353838363735373538393337613031
66323338636663623332343338646261383364626432623336313635323339653431646236663666
6339326233336636360a613839653566613038326163346538343866386532333630306532346137
32323234363837653032333866323332623464346230363635373436376532633063306365643538
34313731333565376634373836303239313939336138376362373230646330356639333535663234
63383066643061623837626365393635366238643038666466366532626466343464626262386239
66653164363236316364663730613831616265376562303239656337313930613064623237336230
39333465343964303662666538316233303433333030656264363138653035313330323132303930
34306663376630306566323633326138313634393235653033643062386264386234383266373665
64663463393232366237366266303461323738306466363939303034383530336234373235613433
37623266386638316536313433353232343533353938373062666231326432343638613435373163
37356162303764653037316336646663343334316363656432386135353636643839303163363837
39353263353166633832363762303736306461336562386231353937666461333266386264343831
64623966343761656162643764333438633530333238363835663630613763336664636332306461
38323261373430383162343838333634326133393036306561326536663934653462346434393166
63633836383163653336326163663632313261653062383963356262336632323935613062333134
64636164376462633337373666343462613461303137393535643038386434623838623136386634
61363330333634313065616365623964343265303133393238373531643234386230623835653266
66393362623062383836623736316462643263303531303939316234326233633465623165383463
61663839346465653063663364643930396263636439646531633634613439666334633536333936
66643232366437656463373562643065393235363365363061396539633562373764353966303766
66346536636465303631326432616664373238663566386234373434356661633532333764313437
38666362616432393636343830623431653536323630363362633930373264376439316632626537
3164
