$ANSIBLE_VAULT;1.1;AES256
30313065646663626238343664366331323033383766363066343662396533613662626138363532
3139356534303730633439323036323430373861623439360a653064356333356237393464393936
66666138633565333265313464633666613861663437323039616235373130326466313564623336
3536306330343033300a356362666135333830343063383635303637613033363936383638653434
33326533353061313831346330653165396361346339323565333531393335643432613233643833
38613239303631323364316664306238613164313766396333663765313132343832663139646635
65366337303862353636303563383933336466386266336433656135336338363463666530313036
33363066633065366638363837623232636536363363303862313431343639313937646530613135
62613430393734303037333437623132633430663136333538313966343764333465383739663338
64306333393835376262373661396661613365653564393135366538656434346637616239323536
36303337363830303564623033363762316230386535323065396139623636626564636362656631
39343132626562666366326434343135643166366465653734346534366537613730616464366362
33623762316535616130613163346561623465623062356334636338646637303865363361643365
36626562666664343133393464636264663964313062336262393732343066613133363739653366
33613762306135346532303230623538613436313632633032663562326536626133383166616438
37313831343361636161343938306665373165393430333761353465636237663764373936323062
33303462653838626439396538393731656164333936623431633366373932343030636235643131
63303136343235326636643863323738346162646230356533383135353361373937363939396333
32336365393931393438306664623538613638623965383261323638623631643766346434333131
31623561643137376136656466666565636330373362343933333464656665613731633563346363
37366437386233663463663762366333636531313837303738636162653062626666666464373939
65326563616430623361623639396636343565346333343033663938303064636236373931373561
34313136346661393832363563383037366661303333313932393562616231623033363434313530
66663430316333376535376165336133316531666665383265613666373662303663613765333162
3961
